Episode 5 ˝ĂŔŰ
Step 1: [9, 10, 10, 0, 0, 0, 1, 0, 0, 0.75]
Step 2: [8, 10, 10, 0, 0, 0, 2, 0, 0, 0.75]
Step 3: [7, 10, 10, 1, 0, 0, 2, 0, 0, 0.65]
Step 4: [7, 10, 9, 1, 0, 1, 2, 0, 0, 0.55]
Step 5: [7, 9, 9, 1, 0, 1, 2, 1, 0, 0.65]
Step 6: [7, 8, 9, 1, 1, 1, 2, 1, 0, 0.55]
Step 7: [7, 7, 9, 1, 1, 1, 2, 2, 0, 0.65]
Step 8: [7, 6, 9, 1, 2, 1, 2, 2, 0, 0.55]
Step 9: [7, 6, 8, 1, 2, 1, 2, 2, 1, 0.65]
Step 10: [7, 5, 8, 1, 3, 1, 2, 2, 1, 0.55]
Step 11: [7, 4, 8, 1, 4, 1, 2, 2, 1, 0.45000000000000007]
Step 12: [7, 4, 7, 1, 4, 2, 2, 2, 1, 0.3500000000000001]
Step 13: [7, 3, 7, 1, 4, 2, 2, 3, 1, 0.45000000000000007]
Step 14: [7, 3, 6, 1, 4, 2, 2, 3, 2, 0.55]
Step 15: [7, 2, 6, 1, 5, 2, 2, 3, 2, 0.45000000000000007]
Step 16: [7, 1, 6, 1, 5, 2, 2, 4, 2, 0.55]
Step 17: [7, 1, 5, 1, 5, 2, 2, 4, 3, 0.65]
Step 18: [6, 1, 5, 1, 5, 2, 3, 4, 3, 0.75]
Step 19: [6, 1, 4, 1, 5, 2, 3, 4, 4, 0.75]
Step 20: [5, 1, 4, 2, 5, 2, 3, 4, 4, 0.65]
Step 21: [5, 1, 3, 2, 5, 2, 3, 4, 5, 0.75]
Step 22: [5, 0, 3, 2, 6, 2, 3, 4, 5, 0.65]
Step 23: [4, 0, 3, 3, 6, 2, 3, 4, 5, 0.55]
Step 24: [4, 0, 2, 3, 6, 3, 3, 4, 5, 0.45000000000000007]
Step 25: [4, 0, 1, 3, 6, 3, 3, 4, 6, 0.55]
Step 26: [3, 0, 1, 3, 6, 3, 4, 4, 6, 0.65]
Step 27: [3, 0, 0, 3, 6, 4, 4, 4, 6, 0.55]
Step 28: [2, 0, 0, 4, 6, 4, 4, 4, 6, 0.45000000000000007]
