Episode 1 ˝ĂŔŰ
Step 1: [9, 10, 10, 1, 0, 0, 0, 0, 0, 0.65]
Step 2: [8, 10, 10, 2, 0, 0, 0, 0, 0, 0.55]
Step 3: [8, 9, 10, 2, 1, 0, 0, 0, 0, 0.45000000000000007]
Step 4: [7, 9, 10, 3, 1, 0, 0, 0, 0, 0.3500000000000001]
Step 5: [7, 8, 10, 3, 1, 0, 0, 1, 0, 0.45000000000000007]
Step 6: [7, 8, 9, 3, 1, 1, 0, 1, 0, 0.3500000000000001]
Step 7: [7, 7, 9, 3, 1, 1, 0, 2, 0, 0.45000000000000007]
Step 8: [7, 6, 9, 3, 1, 1, 0, 3, 0, 0.55]
Step 9: [7, 5, 9, 3, 1, 1, 0, 4, 0, 0.65]
Step 10: [7, 5, 8, 3, 1, 1, 0, 4, 1, 0.75]
Step 11: [6, 5, 8, 4, 1, 1, 0, 4, 1, 0.65]
Step 12: [6, 5, 7, 4, 1, 2, 0, 4, 1, 0.55]
Step 13: [6, 5, 6, 4, 1, 2, 0, 4, 2, 0.65]
Step 14: [6, 4, 6, 4, 1, 2, 0, 5, 2, 0.75]
Step 15: [6, 3, 6, 4, 2, 2, 0, 5, 2, 0.65]
Step 16: [5, 3, 6, 4, 2, 2, 1, 5, 2, 0.75]
Step 17: [5, 3, 5, 4, 2, 3, 1, 5, 2, 0.65]
Step 18: [5, 3, 4, 4, 2, 4, 1, 5, 2, 0.55]
Step 19: [5, 2, 4, 4, 3, 4, 1, 5, 2, 0.45000000000000007]
Step 20: [4, 2, 4, 5, 3, 4, 1, 5, 2, 0.3500000000000001]
Step 21: [3, 2, 4, 5, 3, 4, 2, 5, 2, 0.45000000000000007]
Step 22: [3, 2, 3, 5, 3, 5, 2, 5, 2, 0.3500000000000001]
Step 23: [3, 2, 2, 5, 3, 5, 2, 5, 3, 0.45000000000000007]
Step 24: [3, 1, 2, 5, 3, 5, 2, 6, 3, 0.55]
Step 25: [3, 0, 2, 5, 3, 5, 2, 7, 3, 0.65]
Step 26: [3, 0, 1, 5, 3, 5, 2, 7, 4, 0.75]
Step 27: [3, 0, 0, 5, 3, 6, 2, 7, 4, 0.65]
Step 28: [2, 0, 0, 6, 3, 6, 2, 7, 4, 0.55]
