Episode 3 ˝ĂŔŰ
Step 1: [10, 10, 9, 0, 0, 1, 0, 0, 0, 0.65]
Step 2: [10, 9, 9, 0, 0, 1, 0, 1, 0, 0.75]
Step 3: [9, 9, 9, 1, 0, 1, 0, 1, 0, 0.65]
Step 4: [9, 8, 9, 1, 1, 1, 0, 1, 0, 0.55]
Step 5: [8, 8, 9, 2, 1, 1, 0, 1, 0, 0.45000000000000007]
Step 6: [8, 7, 9, 2, 1, 1, 0, 2, 0, 0.55]
Step 7: [8, 6, 9, 2, 2, 1, 0, 2, 0, 0.45000000000000007]
Step 8: [8, 6, 8, 2, 2, 1, 0, 2, 1, 0.55]
Step 9: [8, 5, 8, 2, 3, 1, 0, 2, 1, 0.45000000000000007]
Step 10: [8, 4, 8, 2, 3, 1, 0, 3, 1, 0.55]
Step 11: [7, 4, 8, 3, 3, 1, 0, 3, 1, 0.45000000000000007]
Step 12: [7, 4, 7, 3, 3, 1, 0, 3, 2, 0.55]
Step 13: [7, 4, 6, 3, 3, 2, 0, 3, 2, 0.45000000000000007]
Step 14: [7, 3, 6, 3, 4, 2, 0, 3, 2, 0.3500000000000001]
Step 15: [7, 3, 5, 3, 4, 2, 0, 3, 3, 0.45000000000000007]
Step 16: [7, 2, 5, 3, 4, 2, 0, 4, 3, 0.55]
Step 17: [7, 1, 5, 3, 5, 2, 0, 4, 3, 0.45000000000000007]
Step 18: [6, 1, 5, 4, 5, 2, 0, 4, 3, 0.3500000000000001]
Step 19: [6, 0, 5, 4, 5, 2, 0, 5, 3, 0.45000000000000007]
Step 20: [5, 0, 5, 4, 5, 2, 1, 5, 3, 0.55]
Step 21: [4, 0, 5, 4, 5, 2, 2, 5, 3, 0.65]
Step 22: [4, 0, 4, 4, 5, 3, 2, 5, 3, 0.55]
Step 23: [4, 0, 3, 4, 5, 3, 2, 5, 4, 0.65]
Step 24: [4, 0, 2, 4, 5, 3, 2, 5, 5, 0.75]
Step 25: [3, 0, 2, 5, 5, 3, 2, 5, 5, 0.65]
Step 26: [3, 0, 1, 5, 5, 4, 2, 5, 5, 0.55]
Step 27: [3, 0, 0, 5, 5, 5, 2, 5, 5, 0.45000000000000007]
Step 28: [2, 0, 0, 6, 5, 5, 2, 5, 5, 0.3500000000000001]
