Episode 7 ˝ĂŔŰ
Step 1: [10, 10, 9, 0, 0, 0, 0, 0, 1, 0.75]
Step 2: [10, 9, 9, 0, 0, 0, 0, 1, 1, 0.75]
Step 3: [9, 9, 9, 1, 0, 0, 0, 1, 1, 0.65]
Step 4: [9, 8, 9, 1, 0, 0, 0, 2, 1, 0.75]
Step 5: [9, 8, 8, 1, 0, 1, 0, 2, 1, 0.65]
Step 6: [9, 8, 7, 1, 0, 1, 0, 2, 2, 0.75]
Step 7: [9, 7, 7, 1, 1, 1, 0, 2, 2, 0.65]
Step 8: [9, 7, 6, 1, 1, 1, 0, 2, 3, 0.75]
Step 9: [8, 7, 6, 2, 1, 1, 0, 2, 3, 0.65]
Step 10: [7, 7, 6, 2, 1, 1, 1, 2, 3, 0.75]
Step 11: [7, 6, 6, 2, 2, 1, 1, 2, 3, 0.65]
Step 12: [7, 5, 6, 2, 2, 1, 1, 3, 3, 0.75]
Step 13: [7, 4, 6, 2, 3, 1, 1, 3, 3, 0.65]
Step 14: [7, 4, 5, 2, 3, 2, 1, 3, 3, 0.55]
Step 15: [7, 4, 4, 2, 3, 3, 1, 3, 3, 0.45000000000000007]
Step 16: [7, 3, 4, 2, 4, 3, 1, 3, 3, 0.3500000000000001]
Step 17: [6, 3, 4, 2, 4, 3, 2, 3, 3, 0.45000000000000007]
Step 18: [6, 2, 4, 2, 4, 3, 2, 4, 3, 0.55]
Step 19: [6, 2, 3, 2, 4, 4, 2, 4, 3, 0.45000000000000007]
Step 20: [6, 2, 2, 2, 4, 5, 2, 4, 3, 0.3500000000000001]
Step 21: [6, 1, 2, 2, 4, 5, 2, 5, 3, 0.45000000000000007]
Step 22: [6, 0, 2, 2, 4, 5, 2, 6, 3, 0.55]
Step 23: [5, 0, 2, 3, 4, 5, 2, 6, 3, 0.45000000000000007]
Step 24: [4, 0, 2, 3, 4, 5, 3, 6, 3, 0.55]
Step 25: [4, 0, 1, 3, 4, 6, 3, 6, 3, 0.45000000000000007]
Step 26: [4, 0, 0, 3, 4, 7, 3, 6, 3, 0.3500000000000001]
