Episode 6 ˝ĂŔŰ
Step 1: [10, 10, 9, 0, 0, 1, 0, 0, 0, 0.65]
Step 2: [10, 9, 9, 0, 0, 1, 0, 1, 0, 0.75]
Step 3: [10, 8, 9, 0, 0, 1, 0, 2, 0, 0.75]
Step 4: [10, 7, 9, 0, 1, 1, 0, 2, 0, 0.65]
Step 5: [10, 6, 9, 0, 2, 1, 0, 2, 0, 0.55]
Step 6: [10, 5, 9, 0, 3, 1, 0, 2, 0, 0.45000000000000007]
Step 7: [10, 4, 9, 0, 3, 1, 0, 3, 0, 0.55]
Step 8: [10, 3, 9, 0, 4, 1, 0, 3, 0, 0.45000000000000007]
Step 9: [9, 3, 9, 1, 4, 1, 0, 3, 0, 0.3500000000000001]
Step 10: [9, 2, 9, 1, 4, 1, 0, 4, 0, 0.45000000000000007]
Step 11: [8, 2, 9, 1, 4, 1, 1, 4, 0, 0.55]
Step 12: [8, 1, 9, 1, 4, 1, 1, 5, 0, 0.65]
Step 13: [8, 0, 9, 1, 5, 1, 1, 5, 0, 0.55]
Step 14: [8, 0, 8, 1, 5, 1, 1, 5, 1, 0.65]
Step 15: [8, 0, 7, 1, 5, 2, 1, 5, 1, 0.55]
Step 16: [7, 0, 7, 2, 5, 2, 1, 5, 1, 0.45000000000000007]
Step 17: [6, 0, 7, 3, 5, 2, 1, 5, 1, 0.3500000000000001]
Step 18: [5, 0, 7, 3, 5, 2, 2, 5, 1, 0.45000000000000007]
Step 19: [4, 0, 7, 4, 5, 2, 2, 5, 1, 0.3500000000000001]
Step 20: [4, 0, 6, 4, 5, 3, 2, 5, 1, 0.2500000000000001]
Step 21: [3, 0, 6, 5, 5, 3, 2, 5, 1, 0.25]
Step 22: [2, 0, 6, 5, 5, 3, 3, 5, 1, 0.35]
Step 23: [2, 0, 5, 5, 5, 3, 3, 5, 2, 0.44999999999999996]
Step 24: [1, 0, 5, 5, 5, 3, 4, 5, 2, 0.5499999999999999]
Step 25: [0, 0, 5, 5, 5, 3, 5, 5, 2, 0.6499999999999999]
Step 26: [0, 0, 4, 5, 5, 4, 5, 5, 2, 0.5499999999999999]
Step 27: [0, 0, 3, 5, 5, 5, 5, 5, 2, 0.44999999999999996]
Step 28: [0, 0, 2, 5, 5, 6, 5, 5, 2, 0.35]
