Episode 0 ˝ĂŔŰ
Step 1: [9, 10, 10, 1, 0, 0, 0, 0, 0, 0.65]
Step 2: [8, 10, 10, 2, 0, 0, 0, 0, 0, 0.55]
Step 3: [7, 10, 10, 3, 0, 0, 0, 0, 0, 0.45000000000000007]
Step 4: [7, 9, 10, 3, 1, 0, 0, 0, 0, 0.3500000000000001]
Step 5: [7, 9, 9, 3, 1, 0, 0, 0, 1, 0.45000000000000007]
Step 6: [7, 8, 9, 3, 1, 0, 0, 1, 1, 0.55]
Step 7: [7, 8, 8, 3, 1, 1, 0, 1, 1, 0.45000000000000007]
Step 8: [7, 7, 8, 3, 2, 1, 0, 1, 1, 0.3500000000000001]
Step 9: [7, 7, 7, 3, 2, 1, 0, 1, 2, 0.45000000000000007]
Step 10: [7, 6, 7, 3, 2, 1, 0, 2, 2, 0.55]
Step 11: [7, 5, 7, 3, 3, 1, 0, 2, 2, 0.45000000000000007]
Step 12: [7, 4, 7, 3, 3, 1, 0, 3, 2, 0.55]
Step 13: [7, 3, 7, 3, 3, 1, 0, 4, 2, 0.65]
Step 14: [7, 2, 7, 3, 4, 1, 0, 4, 2, 0.55]
Step 15: [7, 2, 6, 3, 4, 2, 0, 4, 2, 0.45000000000000007]
Step 16: [7, 1, 6, 3, 5, 2, 0, 4, 2, 0.3500000000000001]
Step 17: [7, 0, 6, 3, 6, 2, 0, 4, 2, 0.2500000000000001]
Step 18: [7, 0, 5, 3, 6, 2, 0, 4, 3, 0.3500000000000001]
Step 19: [6, 0, 5, 3, 6, 2, 1, 4, 3, 0.45000000000000007]
Step 20: [6, 0, 4, 3, 6, 2, 1, 4, 4, 0.55]
Step 21: [6, 0, 3, 3, 6, 3, 1, 4, 4, 0.45000000000000007]
Step 22: [6, 0, 2, 3, 6, 3, 1, 4, 5, 0.55]
Step 23: [5, 0, 2, 4, 6, 3, 1, 4, 5, 0.45000000000000007]
Step 24: [5, 0, 1, 4, 6, 3, 1, 4, 6, 0.55]
Step 25: [5, 0, 0, 4, 6, 4, 1, 4, 6, 0.45000000000000007]
Step 26: [4, 0, 0, 4, 6, 4, 2, 4, 6, 0.55]
