Episode 9 ˝ĂŔŰ
Step 1: [9, 10, 10, 1, 0, 0, 0, 0, 0, 0.65]
Step 2: [9, 10, 9, 1, 0, 1, 0, 0, 0, 0.55]
Step 3: [9, 10, 8, 1, 0, 2, 0, 0, 0, 0.45000000000000007]
Step 4: [9, 10, 7, 1, 0, 2, 0, 0, 1, 0.55]
Step 5: [9, 9, 7, 1, 0, 2, 0, 1, 1, 0.65]
Step 6: [9, 8, 7, 1, 0, 2, 0, 2, 1, 0.75]
Step 7: [9, 8, 6, 1, 0, 3, 0, 2, 1, 0.65]
Step 8: [9, 7, 6, 1, 1, 3, 0, 2, 1, 0.55]
Step 9: [9, 6, 6, 1, 2, 3, 0, 2, 1, 0.45000000000000007]
Step 10: [8, 6, 6, 2, 2, 3, 0, 2, 1, 0.3500000000000001]
Step 11: [8, 6, 5, 2, 2, 3, 0, 2, 2, 0.45000000000000007]
Step 12: [8, 6, 4, 2, 2, 4, 0, 2, 2, 0.3500000000000001]
Step 13: [8, 5, 4, 2, 2, 4, 0, 3, 2, 0.45000000000000007]
Step 14: [8, 4, 4, 2, 3, 4, 0, 3, 2, 0.3500000000000001]
Step 15: [8, 3, 4, 2, 4, 4, 0, 3, 2, 0.2500000000000001]
Step 16: [7, 3, 4, 2, 4, 4, 1, 3, 2, 0.3500000000000001]
Step 17: [7, 3, 3, 2, 4, 4, 1, 3, 3, 0.45000000000000007]
Step 18: [6, 3, 3, 2, 4, 4, 2, 3, 3, 0.55]
Step 19: [6, 3, 2, 2, 4, 4, 2, 3, 4, 0.65]
Step 20: [6, 2, 2, 2, 4, 4, 2, 4, 4, 0.75]
Step 21: [5, 2, 2, 3, 4, 4, 2, 4, 4, 0.65]
Step 22: [5, 2, 1, 3, 4, 5, 2, 4, 4, 0.55]
Step 23: [5, 2, 0, 3, 4, 5, 2, 4, 5, 0.65]
Step 24: [4, 2, 0, 3, 4, 5, 3, 4, 5, 0.75]
