Episode 4 ˝ĂŔŰ
Step 1: [9, 10, 10, 1, 0, 0, 0, 0, 0, 0.65]
Step 2: [9, 9, 10, 1, 0, 0, 0, 1, 0, 0.75]
Step 3: [9, 8, 10, 1, 0, 0, 0, 2, 0, 0.75]
Step 4: [8, 8, 10, 2, 0, 0, 0, 2, 0, 0.65]
Step 5: [8, 8, 9, 2, 0, 0, 0, 2, 1, 0.75]
Step 6: [8, 7, 9, 2, 1, 0, 0, 2, 1, 0.65]
Step 7: [8, 6, 9, 2, 2, 0, 0, 2, 1, 0.55]
Step 8: [8, 5, 9, 2, 2, 0, 0, 3, 1, 0.65]
Step 9: [7, 5, 9, 3, 2, 0, 0, 3, 1, 0.55]
Step 10: [7, 4, 9, 3, 2, 0, 0, 4, 1, 0.65]
Step 11: [6, 4, 9, 4, 2, 0, 0, 4, 1, 0.55]
Step 12: [6, 3, 9, 4, 3, 0, 0, 4, 1, 0.45000000000000007]
Step 13: [6, 2, 9, 4, 3, 0, 0, 5, 1, 0.55]
Step 14: [5, 2, 9, 4, 3, 0, 1, 5, 1, 0.65]
Step 15: [5, 1, 9, 4, 4, 0, 1, 5, 1, 0.55]
Step 16: [5, 0, 9, 4, 4, 0, 1, 6, 1, 0.65]
Step 17: [5, 0, 8, 4, 4, 1, 1, 6, 1, 0.55]
Step 18: [5, 0, 7, 4, 4, 2, 1, 6, 1, 0.45000000000000007]
Step 19: [5, 0, 6, 4, 4, 3, 1, 6, 1, 0.3500000000000001]
Step 20: [5, 0, 5, 4, 4, 3, 1, 6, 2, 0.45000000000000007]
Step 21: [4, 0, 5, 4, 4, 3, 2, 6, 2, 0.55]
Step 22: [4, 0, 4, 4, 4, 3, 2, 6, 3, 0.65]
Step 23: [4, 0, 3, 4, 4, 4, 2, 6, 3, 0.55]
Step 24: [3, 0, 3, 4, 4, 4, 3, 6, 3, 0.65]
Step 25: [3, 0, 2, 4, 4, 5, 3, 6, 3, 0.55]
