Episode 2 ˝ĂŔŰ
Step 1: [10, 9, 10, 0, 0, 0, 0, 1, 0, 0.75]
Step 2: [10, 9, 9, 0, 0, 1, 0, 1, 0, 0.65]
Step 3: [9, 9, 9, 0, 0, 1, 1, 1, 0, 0.75]
Step 4: [9, 8, 9, 0, 1, 1, 1, 1, 0, 0.65]
Step 5: [9, 7, 9, 0, 2, 1, 1, 1, 0, 0.55]
Step 6: [9, 7, 8, 0, 2, 1, 1, 1, 1, 0.65]
Step 7: [9, 7, 7, 0, 2, 2, 1, 1, 1, 0.55]
Step 8: [9, 6, 7, 0, 2, 2, 1, 2, 1, 0.65]
Step 9: [9, 6, 6, 0, 2, 3, 1, 2, 1, 0.55]
Step 10: [9, 5, 6, 0, 2, 3, 1, 3, 1, 0.65]
Step 11: [9, 5, 5, 0, 2, 4, 1, 3, 1, 0.55]
Step 12: [9, 4, 5, 0, 3, 4, 1, 3, 1, 0.45000000000000007]
Step 13: [8, 4, 5, 0, 3, 4, 2, 3, 1, 0.55]
Step 14: [8, 3, 5, 0, 3, 4, 2, 4, 1, 0.65]
Step 15: [8, 3, 4, 0, 3, 5, 2, 4, 1, 0.55]
Step 16: [8, 3, 3, 0, 3, 6, 2, 4, 1, 0.45000000000000007]
Step 17: [8, 2, 3, 0, 3, 6, 2, 5, 1, 0.55]
Step 18: [8, 1, 3, 0, 4, 6, 2, 5, 1, 0.45000000000000007]
Step 19: [7, 1, 3, 0, 4, 6, 3, 5, 1, 0.55]
Step 20: [7, 1, 2, 0, 4, 7, 3, 5, 1, 0.45000000000000007]
Step 21: [7, 1, 1, 0, 4, 7, 3, 5, 2, 0.55]
Step 22: [7, 1, 0, 0, 4, 8, 3, 5, 2, 0.45000000000000007]
Step 23: [7, 0, 0, 0, 4, 8, 3, 6, 2, 0.55]
Step 24: [6, 0, 0, 0, 4, 8, 4, 6, 2, 0.65]
Step 25: [5, 0, 0, 1, 4, 8, 4, 6, 2, 0.55]
Step 26: [4, 0, 0, 2, 4, 8, 4, 6, 2, 0.45000000000000007]
