Episode 8 ˝ĂŔŰ
Step 1: [10, 9, 10, 0, 1, 0, 0, 0, 0, 0.65]
Step 2: [10, 8, 10, 0, 2, 0, 0, 0, 0, 0.55]
Step 3: [9, 8, 10, 0, 2, 0, 1, 0, 0, 0.65]
Step 4: [9, 7, 10, 0, 3, 0, 1, 0, 0, 0.55]
Step 5: [9, 7, 9, 0, 3, 0, 1, 0, 1, 0.65]
Step 6: [8, 7, 9, 1, 3, 0, 1, 0, 1, 0.55]
Step 7: [7, 7, 9, 1, 3, 0, 2, 0, 1, 0.65]
Step 8: [7, 6, 9, 1, 4, 0, 2, 0, 1, 0.55]
Step 9: [7, 6, 8, 1, 4, 0, 2, 0, 2, 0.65]
Step 10: [7, 5, 8, 1, 4, 0, 2, 1, 2, 0.75]
Step 11: [6, 5, 8, 2, 4, 0, 2, 1, 2, 0.65]
Step 12: [6, 5, 7, 2, 4, 1, 2, 1, 2, 0.55]
Step 13: [6, 4, 7, 2, 4, 1, 2, 2, 2, 0.65]
Step 14: [6, 3, 7, 2, 5, 1, 2, 2, 2, 0.55]
Step 15: [6, 2, 7, 2, 5, 1, 2, 3, 2, 0.65]
Step 16: [6, 2, 6, 2, 5, 2, 2, 3, 2, 0.55]
Step 17: [6, 2, 5, 2, 5, 2, 2, 3, 3, 0.65]
Step 18: [6, 1, 5, 2, 6, 2, 2, 3, 3, 0.55]
Step 19: [6, 1, 4, 2, 6, 3, 2, 3, 3, 0.45000000000000007]
Step 20: [5, 1, 4, 2, 6, 3, 3, 3, 3, 0.55]
Step 21: [4, 1, 4, 2, 6, 3, 4, 3, 3, 0.65]
Step 22: [4, 1, 3, 2, 6, 3, 4, 3, 4, 0.75]
Step 23: [4, 1, 2, 2, 6, 4, 4, 3, 4, 0.65]
Step 24: [4, 1, 1, 2, 6, 4, 4, 3, 5, 0.75]
Step 25: [4, 0, 1, 2, 7, 4, 4, 3, 5, 0.65]
Step 26: [4, 0, 0, 2, 7, 4, 4, 3, 6, 0.75]
Step 27: [3, 0, 0, 3, 7, 4, 4, 3, 6, 0.65]
